I1_xx = 0.0029525;  I1_yy = 0.0060091;  I1_zz = 0.0058821;
I2_xx = 0.0031145;  I2_yy = 0.0005843;  I2_zz = 0.0031631;
I3_xx = 0.00172767; I3_yy = 0.00041967; I3_zz = 0.0018468;
I4_xx = 0.0006764;  I4_yy = 0.0010573;  I4_zz = 0.0006610;
I5_xx = 0.0001934;  I5_yy = 0.0001602;  I5_zz = 0.0000689;

I1 = diag([I1_xx;I1_yy;I1_zz]);
I2 = diag([I2_xx;I2_yy;I2_zz]);
I3 = diag([I3_xx;I3_yy;I3_zz]);
I4 = diag([I4_xx;I4_yy;I4_zz]);
I5 = diag([I5_xx;I5_yy;I5_zz]);